NO textures/north_rock.xpm
SO textures/south_rock.xpm
WE textures/west_rock.xpm
EA textures/east_rock.xpm
F 191,203,191
C 18,11,30
111111111111111111111111
100000000000000010000001
101000000000000000000001
101000000000000000000001
101000000000000010000001
101000011111111111011111
101000010101010110001111
101000010000000110000001
101000000000000000001111
101000010000000110000001
100000010000000110001111
100000011110111111111111
111111111110111111111111
100000000000000000000001
111111011110111111111111
111111011110111111111111
100000000110110000010001
100000000000110010010001
100000000110110000011011
101010000110000010000001
100100000110110000011011
101010000110110010010001
1N0000000110110000010001
111111111111111111111111